s	Dr	Dphi+	Dphi-	Branch	Width	R	G	B	L					
1	1	0.00001	-0.00001	0	0.4	242.5475099	24.7910038	235.398591	0.643973751	0.8				
2	0.96	0	0	2	0.4	248.8741	19.30041331	236.8743784	0.614454305	0.8				
3	0.9216	0.07	-0.07	0	0	252.7176907	14.4467843	238.2934149	0.968436069	0.8				
4	0.884736	0.0714	-0.0714	0	0.286474508	253.9999746	10.25882232	239.6549676	0.698726054	4			1.570796327	-1.570796327
5	0.84934656	0.072828	-0.072828	0	1.036474508	252.6948272	6.761295978	240.9583333	0.900100263	4			0.96	
6	0.815372698	0.07428456	-0.07428456	0	1.963525492	248.8288389	3.974890506	242.2028387	0.631860135	4				
7	0.78275779	0.075770251	-0.075770251	0	2.713525492	242.4807732	1.916085379	243.3878411	0.654667155	0.8				
8	0.751447478	0.077285656	-0.077285656	2	3	233.7799624	0.597056869	244.5127284	0.768034998	0.8			4	13
9	0.721389579	0.078831369	-0.078831369	0	2.713525492	222.9036723	0.025606031	245.5769196	0.627418122	0.8			1	7
10	0.692533996	0.080407997	-0.080407997	0	1.963525492	210.0734908	0.205112564	246.579865	0.626038735	0.8			1	44
11	0.664832636	0.082016157	-0.082016157	0	1.036474508	195.5508132	1.134514822	247.5210467	0.725727501	4			1	9
12	0.638239331	0.08365648	-0.08365648	0	0.286474508	179.631517	2.808316096	248.3999783	0.881395574	4				
13	0.612709757	0.085329609	-0.085329609	0	0	162.6399337	5.216617118	249.2162061	0.915306244	4				
14	0.588201367	0.087036202	-0.087036202	0	0.286474508	144.922241	8.345174612	249.9693084	0.661148711	0.8				
15	0.564673312	0.088776926	-0.088776926	0	1.036474508	126.8394099	12.17548553	250.6588963	0.604533091	0.8				
16	0.54208638	0.090552464	-0.090552464	0	1.963525492	108.7598506	16.68489648	251.2846134	0.733777011	0.8				
17	0.520402925	0.092363513	-0.092363513	0	2.713525492	91.05190653	21.84673772	251.8461368	0.973893854	0.8				
18	0.499586808	0.094210784	-0.094210784	2	3	74.07635023	27.63048087	252.3431763	0.792694847	0.8				
19	0.479603335	0.096094999	-0.096094999	0	2.713525492	58.1790328	34.00191945	252.7754751	0.819405368	0.8				
20	0.460419202	0.098016899	-0.098016899	0	1.963525492	43.6838379	40.92337125	253.1428102	0.600011768	0.8				
21	0.442002434	0.099977237	-0.099977237	0	1.036474508	30.8860831	48.35390111	253.4449916	0.600006034	4				
22	0.424322337	0.101976782	-0.101976782	0	0.286474508	20.04650317	56.24956308	253.6818633	0.880411331	4				
23	0.407349443	0.104016318	-0.104016318	0	0	11.38593807	64.5636603	253.853303	0.602036334	4				
24	0.391055465	0.106096644	-0.106096644	0	0.286474508	5.080833653	73.24702118	253.9592221	0.600726476	0.8				
25	0.375413247	0.108218577	-0.108218577	0	1.036474508	1.259646821	82.24829022	253.9995659	0.988260042	0.8				
26	0.360396717	0.110382948	-0.110382948	0	1.963525492	0.000228447	91.51423173	253.9743136	0.843068616	0.8				
27	0.345980848	0.112590607	-0.112590607	0	2.713525492	1.328237266	100.9900447	253.8834783	0.994991982	0.8				
28	0.332141614	0.11484242	-0.11484242	2	3	5.216617118	110.6196868	253.7271067	0.731466752	0.8				
29	0.31885595	0.117139268	-0.117139268	0	2.713525492	11.58614818	120.3462061	253.5052798	0.797318532	0.8				
30	0.306101712	0.119482053	-0.119482053	0	1.963525492	20.30706093	130.1120775	253.218112	0.890090651	0.8				
31	0.293857643	0.121871694	-0.121871694	0	1.036474508	31.20168005	139.8595434	252.8657517	0.98995826	4				
32	0.282103338	0.124309128	-0.124309128	0	0.286474508	44.04804425	149.5309548	252.448381	0.995532272	4				
33	0.270819204	0.126795311	-0.126795311	0	0	58.58442837	159.0691126	251.9662153	0.648303338	4				
34	0.259986436	0.129331217	-0.129331217	0	0.286474508	74.51467572	168.417606	251.4195037	0.994384446	0.8				
35	0.249586978	0.131917841	-0.131917841	0	1.036474508	91.51423173	177.5211456	250.8085286	0.747283688	0.8				
36	0.239603499	0.134556198	-0.134556198	0	1.963525492	109.2367563	186.3258908	250.1336055	0.617960179	0.8				
37	0.230019359	0.137247322	-0.137247322	0	2.713525492	127.3211799	194.7797684	249.3950832	0.600775668	0.8				
38	0.220818585	0.139992269	-0.139992269	2	3	145.39906	202.8327799	248.593343	0.636044776	0.8				
39	0.211985842	0.142792114	-0.142792114	0	2.713525492	163.1020872	210.437298	247.7287989	0.787110689	0.8				
40	0.203506408	0.145647956	-0.145647956	0	1.963525492	180.0695893	217.5483477	246.8018977	0.999998954	0.8				
41	0.195366152	0.148560915	-0.148560915	0	1.036474508	195.9558793	224.1238725	245.813118	0.618337176	4				
42	0.187551505	0.151532134	-0.151532134	0	0.286474508	210.437298	230.1249831	244.7629705	0.971027109	4				
43	0.180049445	0.154562776	-0.154562776	0	0	223.2188088	235.5161876	243.6519976	0.999362834	4				
44	0.172847467	0.157654032	-0.157654032	0	0.286474508	234.0400076	240.265601	242.4807732	0.799156127	0.8				
45	0.165933569	0.160807113	-0.160807113	0	1.036474508	242.6804291	244.3451342	241.2499022	0.902582791	0.8				
46	0.159296226	0.164023255	-0.164023255	0	1.963525492	248.9640377	247.7306598	239.9600204	0.856836286	0.8				
47	0.152924377	0.16730372	-0.16730372	0	2.713525492	252.7628146	250.4021549	238.611794	0.916049362	0.8				
48	0.146807402	0.170649794	-0.170649794	2	3	253.9993654	252.3438198	237.2059193	0.972075526	0.8				
49	0.140935106	0.17406279	-0.17406279	0	2.713525492	252.6484973	253.5441709	235.7431225	0.968801765	0.8				
50	0.135297702	0.177544046	-0.177544046	0	1.963525492	248.7377322	253.9961091	234.2241592	0.706662452	0.8				
51	0.129885794	0.181094927	-0.181094927	0	1.036474508	242.3467459	253.6969615	232.6498139	0.682536422	4				
52	0.124690362	0.184716826	-0.184716826	0	0.286474508	233.6057451	252.6484973	231.0208997	0.999991392	4				
53	0.119702747	0.188411162	-0.188411162	0	0	222.6928144	250.8569174	229.3382581	0.736448138	4				
54	0.114914637	0.192179385	-0.192179385	0	0.286474508	209.8302881	248.3328177	227.602758	0.745265412	0.8				
55	0.110318052	0.196022973	-0.196022973	0	1.036474508	195.2802207	245.0911263	225.815296	0.998694762	0.8				
56	0.10590533	0.199943432	-0.199943432	0	1.963525492	179.3390476	241.1510152	223.9767952	0.601716245	0.8				
57	0.101669117	0.203942301	-0.203942301	0	2.713525492	162.3315461	236.5357874	222.0882052	0.921412298	0.8				
58	0.097602352	0.208021147	-0.208021147	2	3	144.604218	231.2727384	220.1505016	0.979758512	0.8				
59	0.093698258	0.21218157	-0.21218157	0	2.713525492	126.5182307	225.3929951	218.1646851	0.82065087	0.8				
60	0.089950328	0.216425201	-0.216425201	0	1.963525492	108.4420588	218.9313317	216.1317814	0.640886303	0.8				
61	0.086352314	0.220753705	-0.220753705	0	1.036474508	90.74397672	211.9259642	214.0528406	0.653747163	4				
62	0.082898222	0.22516878	-0.22516878	0	0.286474508	73.78455595	204.4183239	211.9289363	0.993741116	4				
63	0.079582293	0.229672155	-0.229672155	0	0	57.90931892	196.4528128	209.7611657	0.602819396	4				
64	0.076399001	0.234265598	-0.234265598	0	0.286474508	43.44169943	188.076541	207.5506485	0.849201885	0.8				
65	0.073343041	0.23895091	-0.23895091	0	1.036474508	30.67645324	179.3390476	205.2985262	0.839231269	0.8				
66	0.07040932	0.243729928	-0.243729928	0	1.963525492	19.87365282	170.2920085	203.0059623	0.605988909	0.8				
67	0.067592947	0.248604527	-0.248604527	0	2.713525492	11.25338879	160.9889299	200.6741408	0.853528434	0.8				
68	0.064889229	0.253576618	-0.253576618	2	3	4.991285925	151.4848325	198.3042661	0.79997253	0.8				
69	0.06229366	0.25864815	-0.25864815	0	2.713525492	1.214925048	141.8359259	195.8975622	0.724956599	0.8				
70	0.059801913	0.263821113	-0.263821113	0	1.963525492	0.001243768	132.099276	193.4552723	0.604929536	0.8				
71	0.057409837	0.269097535	-0.269097535	0	1.036474508	1.374968995	122.3324678	190.9786578	0.854388893	4				
72	0.055113443	0.274479486	-0.274479486	0	0.286474508	5.308113166	112.5932645	188.4689979	0.606408535	4				
73	0.052908906	0.279969076	-0.279969076	0	0	11.72054445	102.9392661	185.9275889	0.601570813	4				
74	0.050792549	0.285568457	-0.285568457	0	0.286474508	20.48161931	93.42756874	183.3557433	0.991746355	0.8				
75	0.048760847	0.291279826	-0.291279826	0	1.036474508	31.41284418	84.11442688	180.7547897	0.779508367	0.8				
76	0.046810414	0.297105423	-0.297105423	0	1.963525492	44.29151197	75.0549207	178.1260713	0.888728487	0.8				
77	0.044937997	0.303047531	-0.303047531	0	2.713525492	58.85523941	66.30263032	175.470946	0.884205339	0.8				
78	0.043140477	0.309108482	-0.309108482	2	3	74.80731271	57.90931892	172.7907851	0.811899588	0.8				
79	0.041414858	0.315290651	-0.315290651	0	2.713525492	91.82273263	49.92462656	170.086973	0.600213345	0.8				
80	0.039758264	0.321596465	-0.321596465	0	1.963525492	109.5548359	42.39577666	167.3609061	0.663740002	0.8				
81	0.038167933	0.328028394	-0.328028394	0	1.036474508	127.6423578	35.36729666	164.6139926	0.752944693	4				
82	0.036641216	0.334588962	-0.334588962	0	0.286474508	145.7167927	28.8807547	161.8476512	0.856733764	4				
83	0.035175567	0.341280741	-0.341280741	0	0	163.4099014	22.97451377	159.0633107	0.98597443	4				
84	0.033768545	0.348106356	-0.348106356	0	0.286474508	180.3612137	17.68350479	156.2624094	0.858967197	0.8				
85	0.032417803	0.355068483	-0.355068483	0	1.036474508	196.2253724	13.03902009	153.4463938	0.670320241	0.8				
86	0.031121091	0.362169853	-0.362169853	0	1.963525492	210.6791695	9.068528272	150.6167184	0.741146907	0.8				
87	0.029876247	0.36941325	-0.36941325	0	2.713525492	223.4281307	5.795511788	147.7748449	0.826700785	0.8				
88	0.028681197	0.376801515	-0.376801515	2	3	234.2125155	3.239328053	144.922241	0.602975613	0.8				
89	0.027533949	0.384337545	-0.384337545	0	2.713525492	242.8126083	1.415094957	142.0603802	0.984058338	0.8				
90	0.026432591	0.392024296	-0.392024296	0	1.963525492	249.0531953	0.333601457	139.1907406	0.996226209	0.8				
91	0.025375288	0.399864782	-0.399864782	0	1.036474508	252.8071342	0.001243768	136.3148044	0.642959965	4				
92	0.024360276	0.407862077	-0.407862077	0	0.286474508	253.997944	0.419987534	133.434057	0.902447923	4				
93	0.023385865	0.416019319	-0.416019319	0	0	252.6013638	1.587356204	130.5499864	0.685624993	4				
94	0.02245043	0.424339705	-0.424339705	0	0.286474508	248.6458469	3.496445675	127.6640822	0.984361212	0.8				
95	0.021552413	0.432826499	-0.432826499	0	1.036474508	242.2119809	6.135965129	124.777835	0.975765061	0.8				
96	0.020690317	0.441483029	-0.441483029	0	1.963525492	233.430846	9.490303807	121.8927355	0.764242965	0.8				
97	0.019862704	0.45031269	-0.45031269	0	2.713525492	222.4813444	13.53962334	119.010274	0.998648465	0.8				
98	0.019068196	0.459318944	-0.459318944	2	3	209.5865557	18.25997506	116.1319392	0.999856353	0.8				
99	0.018305468	0.468505323	-0.468505323	0	2.713525492	195.0091915	23.62344168	113.2592179	0.769658755	0.8				
100	0.017573249	0.477875429	-0.477875429	0	1.963525492	179.0462435	29.59830233	110.3935938	0.831326272	0.8				
